4.32 38.8 1 7.96 1082569 2965 6495
4.32 38.8 2 7.96 1082569 2965 6495
4.32 38.8 3 7.96 1082569 2965 6495
4.32 38.8 4 7.96 1082569 2965 6495
4.32 38.8 5 7.96 1082569 2965 6495
4.32 38.8 6 7.96 1082569 2965 6495
4.32 38.8 7 7.96 1082569 2965 6495
4.32 38.8 8 7.96 1082569 2965 6495
4.32 38.8 9 7.96 1082569 2965 6495
4.32 38.8 10 7.96 1082569 2965 6495
4.32 38.8 11 7.96 1082569 2965 6495
4.32 38.8 12 7.96 1082569 2965 6495
4.32 38.8 13 7.96 1082569 2965 6495
4.32 38.8 14 7.96 1082569 2965 6495
4.32 38.8 15 7.96 1082569 2965 6495
4.32 38.8 16 7.96 1082569 2965 6495
4.32 38.8 17 7.96 1082569 2965 6495
4.32 38.8 18 7.96 1082569 2965 6495
4.32 38.8 19 7.96 1082569 2965 6495
4.32 38.8 20 7.96 1082569 2965 6495
4.32 38.8 21 7.96 1082569 2965 6495
4.32 38.8 22 7.96 1082569 2965 6495
4.32 38.8 23 7.96 1082569 2965 6495
4.32 38.8 24 7.96 1082569 2965 6495