6.68 40.7 1 5.00 720731 3068 9218
6.68 40.7 2 5.00 720731 3068 9218
6.68 40.7 3 5.00 720731 3068 9218
6.68 40.7 4 5.00 720731 3068 9218
6.68 40.7 5 5.00 720731 3068 9218
6.68 40.7 6 5.00 720731 3068 9218
6.68 40.7 7 5.00 720731 3068 9218
6.68 40.7 8 5.00 720731 3068 9218
6.68 40.7 9 5.00 720731 3068 9218
6.68 40.7 10 5.00 720731 3068 9218
6.68 40.7 11 5.00 720731 3068 9218
6.68 40.7 12 5.00 720731 3068 9218
6.68 40.7 13 5.00 720731 3068 9218
6.68 40.7 14 5.00 720731 3068 9218
6.68 40.7 15 5.00 720731 3068 9218
6.68 40.7 16 5.00 720731 3068 9218
6.68 40.7 17 5.00 720731 3068 9218
6.68 40.7 18 5.00 720731 3068 9218
6.68 40.7 19 5.00 720731 3068 9218
6.68 40.7 20 5.00 720731 3068 9218
6.68 40.7 21 5.00 720731 3068 9218
6.68 40.7 22 5.00 720731 3068 9218
6.68 40.7 23 5.00 720731 3068 9218
6.68 40.7 24 5.00 720731 3068 9218